0.103989929381343380.098132167869576740.127679300391913360.227764665744432270.188597528520619170.135925160096687870.095458684136746420.134110045950700560.151652728023195680.203934149756704930.18555517324330940.10398992938134338 ; 
0.09813216786957674 ; 
0.12767930039191336 ; 
0.22776466574443227 ; 
0.18859752852061917 ; 
0.12811560654347634 ; 
0.15593684735720165 ; 0.14129205096810987
0.13592516009668787 ; 
0.09545868413674642 ; 
0.13411004595070056 ; 
0.15165272802319568 ; 
0.20393414975670493 ; 
0.14145871063686594 ; 0.1298618167656235
0.1671460726743952 ; 
0.1855551732433094 ; 
8;15;1D10R3V8T15W.txt;10;3;0.10398992938134338;
12;10;1D10R3V12T10W.txt;10;3;0.09813216786957674;
12;15;1D10R3V12T15W.txt;10;3;0.12767930039191336;
12;20;1D10R3V12T20W.txt;10;3;0.22776466574443227;
16;15;1D10R3V16T15W.txt;10;3;0.18859752852061917;
12;15;1D13R3V12T15W.txt;13;3;0.12811560654347634;
12;15;1D16R3V12T15W.txt;16;3;0.15593684735720165;0.14129205096810987
8;15;1D19R3V8T15W.txt;19;3;0.13592516009668787;
12;10;1D19R3V12T10W.txt;19;3;0.09545868413674642;
12;15;1D19R3V12T15W.txt;19;3;0.13411004595070056;
12;20;1D19R3V12T20W.txt;19;3;0.15165272802319568;
16;15;1D19R3V16T15W.txt;19;3;0.20393414975670493;
12;15;1D22R3V12T15W.txt;22;3;0.14145871063686594;0.1298618167656235
8;15;1D10R3V8T15W.txt;10;3;0.10398992938134338;
12;10;1D10R3V12T10W.txt;10;3;0.09813216786957674;
12;15;1D10R3V12T15W.txt;10;3;0.12767930039191336;
12;20;1D10R3V12T20W.txt;10;3;0.22776466574443227;
16;15;1D10R3V16T15W.txt;10;3;0.18859752852061917;
12;15;1D13R3V12T15W.txt;13;3;0.12811560654347634;
12;15;1D16R3V12T15W.txt;16;3;0.14129205096810987
8;15;1D19R3V8T15W.txt;19;3;0.13592516009668787;
12;10;1D19R3V12T10W.txt;19;3;0.09545868413674642;
12;15;1D19R3V12T15W.txt;19;3;0.13411004595070056;
12;20;1D19R3V12T20W.txt;19;3;0.15165272802319568;
16;15;1D19R3V16T15W.txt;19;3;0.20393414975670493;
12;15;1D22R3V12T15W.txt;22;3;0.1298618167656235
12;15;1D25R3V12T15W.txt;25;3;0.1671460726743952;
8;15;1D28R3V8T15W.txt;28;3;0.1855551732433094;
12;10;1D28R3V12T10W.txt;28;3;
12;15;1D28R3V12T15W.txt;28;3;0.193915945774208;
12;20;1D28R3V12T20W.txt;28;3;0.2065421537460496
16;15;1D28R3V16T15W.txt;28;3;0.22867934052080624;
12;15;1D31R3V12T15W.txt;31;3;0.22456015122792425;
12;15;1D34R3V12T15W.txt;34;3;0.18880685367527678
8;15;1D37R3V8T15W.txt;37;3;0.18390927167093238
12;10;1D37R3V12T10W.txt;37;3;
12;15;1D37R3V12T15W.txt;37;3;
12;20;1D37R3V12T20W.txt;37;3;0.22997298999112945;
8;15;1D10R3V8T15W.txt;10;3;3169.087;0.10398992938134338;141523.4569812;
12;10;1D10R3V12T10W.txt;10;3;3233.9629999999997;0.09813216786957674;140008.1056132;
12;15;1D10R3V12T15W.txt;10;3;3233.963;0.12767930039191336;143204.5635556;
12;20;1D10R3V12T20W.txt;10;3;3554.411;0.22776466574443227;147532.46854759997;
16;15;1D10R3V16T15W.txt;10;3;4460.837;0.18859752852061917;161145.6902972;
12;15;1D13R3V12T15W.txt;13;3;5589.995;0.12811560654347634;214061.32712039998;
12;15;1D16R3V12T15W.txt;16;3;5847.080999999999;0.14129205096810987;219501.72116919997;
8;15;1D19R3V8T15W.txt;19;3;4757.854;0.13592516009668787;189052.13373520004;
12;10;1D19R3V12T10W.txt;19;3;6328.687;0.09545868413674642;241769.15557;
12;15;1D19R3V12T15W.txt;19;3;6759.127999999999;0.13411004595070056;260576.98803839996;
12;20;1D19R3V12T20W.txt;19;3;6038.249;0.15165272802319568;243760.3779116;
16;15;1D19R3V16T15W.txt;19;3;6962.809000000001;0.20393414975670493;254478.10689079994;
12;15;1D22R3V12T15W.txt;22;3;6641.785;0.1298618167656235;244870.04447159998;
12;15;1D25R3V12T15W.txt;25;3;6757.529;0.1671460726743952;261852.73878199997;
8;15;1D28R3V8T15W.txt;28;3;7071.009;0.1855551732433094;242483.9253196;
