8;15;1D10R3V8T15W.txt;10;3;1400543.9430188;1400543.9430188;0.0;0.0;1;279;12;3061;2911;6.0;0.0;1;250;290;404 
0.1039899293813433812;10;1D10R3V12T10W.txt;10;3;815259.3943868001;815259.3943868001;0.0;0.0;1;792;15;12700;10890;7.0;0.0;1;350;394;438 
0.0981321678695767412;15;1D10R3V12T15W.txt;10;3;1428499.0364444;1428499.0364444;0.0;0.0;1;603;9;6699;6287;7.0;0.0;1;90;118;175 
0.1276793003919133612;20;1D10R3V12T20W.txt;10;3;1911540.7314523999;1911540.7314523999;0.0;0.0;1;568;12;5372;5912;7.0;0.0;0;79;105;150 
0.2277646657444322716;15;1D10R3V16T15W.txt;10;3;1866250.8097028004;1866250.8097028004;0.0;0.0;1;953;15;42416;28624;9.0;0.0;1;413;465;524 
0.1885975285206191712;15;1D13R3V12T15W.txt;13;3;2272588.9811915997;2272588.9811915997;0.0;0.0;1;511;12;8565;2943;11.0;0.0;1;338;364;430 
12;15;1D16R3V12T15W.txt;16;3;2674892.9953908008;2674892.9953908008;0.0;0.0;1;693;21;43329;11679;12.0;0.0;1;410;457;495 
8;15;1D19R3V8T15W.txt;19;3;2370777.9662647997;2370777.9662647997;0.0;0.0;1;892;18;85322;21981;12.0;0.0;1;550;602;660 
0.1359251600966878712;10;1D19R3V12T10W.txt;19;3;2293948.3444299996;2293948.3444299996;0.0;0.0;1;2134;33;996967;264641;15.0;0.0;8;11750;11963;12022 
0.0954586841367464212;15;1D19R3V12T15W.txt;19;3;3290204.6119616004;3290204.6119616004;0.0;0.0;1;1420;27;525558;125832;15.0;0.0;5;4132;4244;4287 
0.1341100459507005612;20;1D19R3V12T20W.txt;19;3;3838404.7220884003;3838404.7220884003;0.0;0.0;1;1013;21;291918;68528;13.0;0.0;2;1786;1853;1875 
0.151652728023195688;15;1D10R3V8T15W.txt;10;3;1400543.9430188;1400543.9430188;0.0;0.0;1;279;12;3061;2911;6.0;0.0;1;239;274;419 
12;10;1D10R3V12T10W.txt;10;3;815259.3943868001;815259.3943868001;0.0;0.0;1;792;15;12700;10890;7.0;0.0;2;372;463;507 
12;15;1D10R3V12T15W.txt;10;3;1428499.0364444;1428499.0364444;0.0;0.0;1;603;9;6699;6287;7.0;0.0;1;93;123;174 
12;20;1D10R3V12T20W.txt;10;3;1911540.7314523999;1911540.7314523999;0.0;0.0;1;568;12;5372;5912;7.0;0.0;0;61;89;117 
16;15;1D10R3V16T15W.txt;10;3;1866250.8097028004;1866250.8097028004;0.0;0.0;1;953;15;42416;28624;9.0;0.0;1;344;406;457 
12;15;1D13R3V12T15W.txt;13;3;2272588.9811915997;2272588.9811915997;0.0;0.0;1;511;12;8565;2943;11.0;0.0;1;328;353;383 
12;15;1D16R3V12T15W.txt;16;3;2674892.9953908008;2674892.9953908008;0.0;0.0;1;693;21;43329;11679;12.0;0.0;2;395;442;487 
8;15;1D19R3V8T15W.txt;19;3;2370777.9662647997;2370777.9662647997;0.0;0.0;1;892;18;85322;21981;12.0;0.0;1;543;594;639 
12;10;1D19R3V12T10W.txt;19;3;2293948.3444299996;2293948.3444299996;0.0;0.0;1;2134;33;996967;264641;15.0;0.0;7;11941;12162;12195 
12;15;1D19R3V12T15W.txt;19;3;3290204.6119616004;3290204.6119616004;0.0;0.0;1;1420;27;525558;125832;15.0;0.0;3;4385;4499;4542 
12;20;1D19R3V12T20W.txt;19;3;3838404.7220884003;3838404.7220884003;0.0;0.0;1;1013;21;291918;68528;13.0;0.0;2;1907;1979;2020 
16;15;1D19R3V16T15W.txt;19;3;3782832.3931092005;3782832.3931092005;0.0;0.0;1;2474;33;3153071;652085;14.0;0.0;5;54033;54297;54329 
12;15;1D22R3V12T15W.txt;22;3;3307961.9898788007;3307961.9898788007;0.0;0.0;1;680;18;109888;20669;13.0;0.0;1;619;657;684 
12;15;1D25R3V12T15W.txt;25;3;3371028.5676968;3371028.5676968;0.0;0.0;1;706;21;295611;44582;14.0;0.0;2;2068;2107;2155 
8;15;1D28R3V8T15W.txt;28;3;3444456.5746804;3444456.5746804;0.0;0.0;1;1368;30;1419056;337517;16.0;0.0;1;16544;16644;16679 
8;15;1D10R3V8T15W.txt;10;3;1400543.9430188;1400543.9430188;0.0;0.0;1;279;12;3061;2911;6.0;0.0;1;245;285;406 
12;10;1D10R3V12T10W.txt;10;3;815259.3943868001;815259.3943868001;0.0;0.0;1;792;15;12700;10890;7.0;0.0;1;342;387;478 
12;15;1D10R3V12T15W.txt;10;3;1428499.0364444;1428499.0364444;0.0;0.0;1;603;9;6699;6287;7.0;0.0;1;99;127;164 
12;20;1D10R3V12T20W.txt;10;3;1911540.7314523999;1911540.7314523999;0.0;0.0;1;568;12;5372;5912;7.0;0.0;0;75;103;146 
16;15;1D10R3V16T15W.txt;10;3;1866250.8097028004;1866250.8097028004;0.0;0.0;1;953;15;42416;28624;9.0;0.0;2;391;448;490 
12;15;1D13R3V12T15W.txt;13;3;2273552.5728796003;2273552.5728796003;0.0;0.0;1;910;15;36935;17141;10.0;0.0;2;262;314;355 
12;15;1D16R3V12T15W.txt;16;3;2693150.6788308;2711305.5901304;0.0;2693150.6788308;3;1618;36;302503;97109;12.0;11.0;2;2470;1209;2826 
8;15;1D19R3V8T15W.txt;19;3;2370777.9662647997;2370777.9662647997;0.0;0.0;1;892;18;85322;21981;12.0;0.0;1;614;667;731 
12;10;1D19R3V12T10W.txt;19;3;2293948.3444299996;2293948.3444299996;0.0;0.0;1;2134;33;996967;264641;15.0;0.0;9;12952;13159;13189 
12;15;1D19R3V12T15W.txt;19;3;3290204.6119616004;3290204.6119616004;0.0;0.0;1;1420;27;525558;125832;15.0;0.0;3;4675;4782;4810 
12;20;1D19R3V12T20W.txt;19;3;3838404.7220884003;3838404.7220884003;0.0;0.0;1;1013;21;291918;68528;13.0;0.0;3;2262;2321;2351 
16;15;1D19R3V16T15W.txt;19;3;3782832.3931092005;3782832.3931092005;0.0;0.0;1;2474;33;3153071;652085;14.0;0.0;6;56419;56679;56712 
12;15;1D22R3V12T15W.txt;22;3;3369119.3555284003;3385464.8244496;0.0;3369119.3555284003;3;1889;42;1666690;357658;14.5;14.0;2;21098;11099;21514 
12;15;1D25R3V12T15W.txt;25;3;3620938.461218;3620938.461218;0.0;0.0;1;1820;27;3158969;642037;16.0;0.0;5;86707;86858;86894 
8;15;1D28R3V8T15W.txt;28;3;3444456.5746804;3444456.5746804;0.0;0.0;1;1368;30;1419056;337517;16.0;0.0;2;18715;18809;18828 
8;15;1D10R3V8T15W.txt;10;3;1400543.9430188;1400543.9430188;0.0;0.0;1;279;12;3061;2911;6.0;0.0;1;258;298;400 
12;10;1D10R3V12T10W.txt;10;3;815259.3943868001;815259.3943868001;0.0;0.0;1;792;15;12700;10890;7.0;0.0;1;424;475;526 
12;15;1D10R3V12T15W.txt;10;3;1428499.0364444;1428499.0364444;0.0;0.0;1;603;9;6699;6287;7.0;0.0;1;101;131;166 
12;20;1D10R3V12T20W.txt;10;3;1911540.7314523999;1911540.7314523999;0.0;0.0;1;568;12;5372;5912;7.0;0.0;0;65;92;122 
16;15;1D10R3V16T15W.txt;10;3;1866250.8097028004;1866250.8097028004;0.0;0.0;1;953;15;42416;28624;9.0;0.0;1;379;433;461 
12;15;1D13R3V12T15W.txt;13;3;2273552.5728796003;2273552.5728796003;0.0;0.0;1;910;15;36935;17141;10.0;0.0;2;266;317;350 
12;15;1D16R3V12T15W.txt;16;3;2693150.6788308;2711305.5901304;0.0;2693150.6788308;3;1618;36;302503;97109;12.0;11.0;2;2379;1211;2748 
8;15;1D19R3V8T15W.txt;19;3;2370777.9662647997;2370777.9662647997;0.0;0.0;1;892;18;85322;21981;12.0;0.0;3;528;581;635 
12;10;1D19R3V12T10W.txt;19;3;2293948.3444299996;2293948.3444299996;0.0;0.0;1;2134;33;996967;264641;15.0;0.0;7;10905;11110;11142 
12;15;1D19R3V12T15W.txt;19;3;3290204.6119616004;3290204.6119616004;0.0;0.0;1;1420;27;525558;125832;15.0;0.0;4;3904;4008;4084 
12;20;1D19R3V12T20W.txt;19;3;3838404.7220884003;3838404.7220884003;0.0;0.0;1;1013;21;291918;68528;13.0;0.0;2;1731;1790;1809 
16;15;1D19R3V16T15W.txt;19;3;3782832.3931092005;3782832.3931092005;0.0;0.0;1;2474;33;3153071;652085;14.0;0.0;6;47766;48027;48048 
12;15;1D22R3V12T15W.txt;22;3;3369119.3555284003;3385464.8244496;0.0;3369119.3555284003;3;1889;42;1666690;357658;14.5;14.0;1;17609;9215;18012 
8;15;1D10R3V8T15W.txt;10;3;1400543.9430188;1400543.9430188;0.0;0.0;1;279;12;3061;2911;6.0;0.0;1;261;298;415 
12;10;1D10R3V12T10W.txt;10;3;815259.3943868001;815259.3943868001;0.0;0.0;1;792;15;12700;10890;7.0;0.0;1;297;346;409 
12;15;1D10R3V12T15W.txt;10;3;1428499.0364444;1428499.0364444;0.0;0.0;1;603;9;6699;6287;7.0;0.0;1;73;102;131 
12;20;1D10R3V12T20W.txt;10;3;1911540.7314523999;1911540.7314523999;0.0;0.0;1;568;12;5372;5912;7.0;0.0;0;58;89;150 
16;15;1D10R3V16T15W.txt;10;3;1866250.8097028004;1866250.8097028004;0.0;0.0;1;953;15;42416;28624;9.0;0.0;2;331;391;425 
12;15;1D13R3V12T15W.txt;13;3;2273552.5728796003;2273552.5728796003;0.0;0.0;1;910;15;36935;17141;10.0;0.0;3;240;298;346 
12;15;1D16R3V12T15W.txt;16;3;2693150.6788308;2711305.5901304;0.0;2693150.6788308;3;1618;36;302503;97109;12.0;11.0;2;2332;1180;2704 
8;15;1D19R3V8T15W.txt;19;3;2370777.9662647997;2370777.9662647997;0.0;0.0;1;892;18;85322;21981;12.0;0.0;2;532;585;606 
12;10;1D19R3V12T10W.txt;19;3;2293948.3444299996;2293948.3444299996;0.0;0.0;1;2134;33;996967;264641;15.0;0.0;10;12024;12226;12246 
12;15;1D19R3V12T15W.txt;19;3;3290204.6119616004;3290204.6119616004;0.0;0.0;1;1420;27;525558;125832;15.0;0.0;5;4452;4565;4613 
12;20;1D19R3V12T20W.txt;19;3;3838404.7220884003;3838404.7220884003;0.0;0.0;1;1013;21;291918;68528;13.0;0.0;2;1993;2055;2073 
16;15;1D19R3V16T15W.txt;19;3;3782832.3931092005;3782832.3931092005;0.0;0.0;1;2474;33;3153071;652085;14.0;0.0;10;54368;54630;54653 
12;15;1D22R3V12T15W.txt;22;3;3369119.3555284003;3385464.8244496;0.0;3369119.3555284003;3;1889;42;1666690;357658;14.5;14.0;3;20674;10626;21109 
12;15;1D25R3V12T15W.txt;25;3;3620938.461218;3620938.461218;0.0;0.0;1;1820;27;3158969;642037;16.0;0.0;5;85348;85497;85539 
8;15;1D28R3V8T15W.txt;28;3;3444456.5746804;3444456.5746804;0.0;0.0;1;1368;30;1419056;337517;16.0;0.0;2;18256;18350;18388 
12;10;1D28R3V12T10W.txt;28;3;0.0;2833614.457216;2808558.6433952004;2771999.6744464007;28;10239;245;116790325;19420586;16.0;0.0;95;10746285;608704;10800000 
12;15;1D28R3V12T15W.txt;28;3;3800954.122722;3800954.122722;0.0;0.0;1;2178;36;9527145;1618459;17.0;0.0;11;384399;384607;384657 
12;20;1D28R3V12T20W.txt;28;3;4904714.899687599;4909964.0784018;4872481.971442534;4904714.899687599;7;2846;63;11272267;2219741;15.5;15.0;6;387865;92912;389293 
16;15;1D28R3V16T15W.txt;28;3;4533153.8146948;4533153.8146948;0.0;0.0;1;2419;33;33884295;4453931;20.0;0.0;11;2802389;2802635;2802698 
12;15;1D31R3V12T15W.txt;31;3;4221688.75268;4221688.75268;0.0;0.0;1;1216;24;9939778;1597110;18.0;0.0;4;447642;447724;447769 
12;15;1D34R3V12T15W.txt;34;3;4550441.8254284;4570097.2046214;4523596.700772201;4550441.8254284;11;4905;120;77082826;10465757;18.25;18.0;41;6290439;1130595;6296967 
8;15;1D37R3V8T15W.txt;37;3;4166916.264780001;4183989.1438948;0.0;4166916.264780001;5;3139;57;6459675;1213476;17.5;18.0;9;136798;59973;138343 
12;10;1D37R3V12T10W.txt;37;3;0.0;3515406.4158504005;0.0;0.0;3;2723;45;80188162;8916330;21.5;0.0;11;11045452;4526778;10800000 
12;15;1D37R3V12T15W.txt;37;3;0.0;4590777.7005802;4575828.280008401;4547313.7323176;11;4806;116;95618198;12427848;18.833333333333332;0.0;41;10861914;1641592;10800000 
12;20;1D37R3V12T20W.txt;37;3;6201401.372871201;6201401.372871201;0.0;0.0;1;1365;18;8763193;1308150;18.0;0.0;4;523900;523995;524041 
8;15;1D10R3V8T15W.txt;10;3;1400543.9430188;1400543.9430188;0.0;0.0;1;279;12;3061;2911;6.0;0.0;1;231;271;362 
12;10;1D10R3V12T10W.txt;10;3;815259.3943868001;815259.3943868001;0.0;0.0;1;792;15;12700;10890;7.0;0.0;1;297;342;393 
12;15;1D10R3V12T15W.txt;10;3;1428499.0364444;1428499.0364444;0.0;0.0;1;603;9;6699;6287;7.0;0.0;2;92;122;146 
12;20;1D10R3V12T20W.txt;10;3;1911540.7314523999;1911540.7314523999;0.0;0.0;1;568;12;5372;5912;7.0;0.0;0;77;106;137 
16;15;1D10R3V16T15W.txt;10;3;1866250.8097028004;1866250.8097028004;0.0;0.0;1;953;15;42416;28624;9.0;0.0;2;384;443;472 
12;15;1D13R3V12T15W.txt;13;3;2273552.5728796003;2273552.5728796003;0.0;0.0;1;910;15;36935;17141;10.0;0.0;2;289;339;383 
12;15;1D16R3V12T15W.txt;16;3;2693150.6788308;2711305.5901304;0.0;2693150.6788308;3;1618;36;302503;97109;12.0;11.0;4;2406;1230;2777 
8;15;1D19R3V8T15W.txt;19;3;2370777.9662647997;2370777.9662647997;0.0;0.0;1;892;18;85322;21981;12.0;0.0;1;492;544;623 
12;10;1D19R3V12T10W.txt;19;3;2293948.3444299996;2293948.3444299996;0.0;0.0;1;2134;33;996967;264641;15.0;0.0;8;11635;11846;11870 
12;15;1D19R3V12T15W.txt;19;3;3290204.6119616004;3290204.6119616004;0.0;0.0;1;1420;27;525558;125832;15.0;0.0;4;4186;4297;4335 
12;20;1D19R3V12T20W.txt;19;3;3838404.7220884003;3838404.7220884003;0.0;0.0;1;1013;21;291918;68528;13.0;0.0;3;1897;1959;2005 
16;15;1D19R3V16T15W.txt;19;3;3782832.3931092005;3782832.3931092005;0.0;0.0;1;2474;33;3153071;652085;14.0;0.0;7;51777;52031;52077 
12;15;1D22R3V12T15W.txt;22;3;3369119.3555284003;3385464.8244496;0.0;3369119.3555284003;3;1889;42;1666690;357658;14.5;14.0;1;18566;9715;18972 
12;15;1D25R3V12T15W.txt;25;3;3620938.461218;3620938.461218;0.0;0.0;1;1820;27;3158969;642037;16.0;0.0;6;81995;82142;82177 
8;15;1D28R3V8T15W.txt;28;3;3444456.5746804;3444456.5746804;0.0;0.0;1;1368;30;1419056;337517;16.0;0.0;2;16299;16397;16441 
