8;15;1D10R3V8T15W.txt;10;3;3169.087;0.10398992938134338;141523.4569812;
12;10;1D10R3V12T10W.txt;10;3;3233.9629999999997;0.09813216786957674;140008.1056132;
12;15;1D10R3V12T15W.txt;10;3;3233.963;0.12767930039191336;143204.5635556;
12;20;1D10R3V12T20W.txt;10;3;3554.411;0.22776466574443227;147532.46854759997;
16;15;1D10R3V16T15W.txt;10;3;4460.837;0.18859752852061917;161145.6902972;
12;15;1D13R3V12T15W.txt;13;3;5589.995;0.12811560654347634;214061.32712039998;
12;15;1D16R3V12T15W.txt;16;3;0.0;0.0;0.0;0.0;0.0;0.0;
8;15;1D19R3V8T15W.txt;19;3;4757.854;0.13592516009668787;189052.13373520004;
12;10;1D19R3V12T10W.txt;19;3;0.0;0.0;0.0;0.0;0.0;0.0;
12;15;1D19R3V12T15W.txt;19;3;0.0;0.0;0.0;0.0;0.0;0.0;
12;20;1D19R3V12T20W.txt;19;3;0.0;0.0;0.0;0.0;0.0;0.0;
16;15;1D19R3V16T15W.txt;19;3;0.0;0.0;0.0;0.0;0.0;0.0;
12;15;1D22R3V12T15W.txt;22;3;0.0;0.0;0.0;0.0;0.0;0.0;
12;15;1D25R3V12T15W.txt;25;3;0.0;0.0;0.0;0.0;0.0;0.0;
8;15;1D28R3V8T15W.txt;28;3;0.0;0.0;0.0;0.0;0.0;0.0;
12;10;1D28R3V12T10W.txt;28;3;0.0;0.0;0.0;0.0;0.0;0.0;
12;15;1D28R3V12T15W.txt;28;3;0.0;0.0;0.0;0.0;0.0;0.0;
12;20;1D28R3V12T20W.txt;28;3;0.0;0.0;0.0;0.0;0.0;0.0;
16;15;1D28R3V16T15W.txt;28;3;0.0;0.0;0.0;0.0;0.0;0.0;
12;15;1D31R3V12T15W.txt;31;3;0.0;0.0;0.0;0.0;0.0;0.0;
12;15;1D34R3V12T15W.txt;34;3;0.0;0.0;0.0;0.0;0.0;0.0;
8;15;1D37R3V8T15W.txt;37;3;0.0;0.0;0.0;0.0;0.0;0.0;
8;15;1D10R3V8T15W.txt;10;3;3169.087 her;0.10398992938134338;141523.4569812;
12;10;1D10R3V12T10W.txt;10;3;3233.9629999999997 her;0.09813216786957674;140008.1056132;
12;15;1D10R3V12T15W.txt;10;3;3233.963 her;0.12767930039191336;143204.5635556;
12;20;1D10R3V12T20W.txt;10;3;3554.411 her;0.22776466574443227;147532.46854759997;
16;15;1D10R3V16T15W.txt;10;3;4460.837 her;0.18859752852061917;161145.6902972;
12;15;1D13R3V12T15W.txt;13;3;5589.995 her;0.12811560654347634;214061.32712039998;
12;15;1D16R3V12T15W.txt;16;3;0.0;0.0;0.0;0.0 her;0.0;0.0;
8;15;1D19R3V8T15W.txt;19;3;4757.854 her;0.13592516009668787;189052.13373520004;
12;10;1D19R3V12T10W.txt;19;3;0.0;0.0;0.0;0.0 her;0.0;0.0;
12;15;1D19R3V12T15W.txt;19;3;0.0;0.0;0.0;0.0 her;0.0;0.0;
12;20;1D19R3V12T20W.txt;19;3;0.0;0.0;0.0;0.0 her;0.0;0.0;
16;15;1D19R3V16T15W.txt;19;3;0.0;0.0;0.0;0.0 her;0.0;0.0;
12;15;1D22R3V12T15W.txt;22;3;0.0;0.0;0.0;0.0 her;0.0;0.0;
12;15;1D25R3V12T15W.txt;25;3;0.0;0.0;0.0;0.0 her;0.0;0.0;
8;15;1D28R3V8T15W.txt;28;3;0.0;0.0;0.0;0.0 her;0.0;0.0;
12;10;1D28R3V12T10W.txt;28;3;0.0;0.0;0.0;0.0 her;0.0;0.0;
12;15;1D28R3V12T15W.txt;28;3;0.0;0.0;0.0;0.0 her;0.0;0.0;
12;20;1D28R3V12T20W.txt;28;3;0.0;0.0;0.0;0.0 her;0.0;0.0;
16;15;1D28R3V16T15W.txt;28;3;0.0;0.0;0.0;0.0 her;0.0;0.0;
12;15;1D31R3V12T15W.txt;31;3;0.0;0.0;0.0;0.0 her;0.0;0.0;
12;15;1D34R3V12T15W.txt;34;3;0.0;0.0;0.0;0.0 her;0.0;0.0;
8;15;1D37R3V8T15W.txt;37;3;0.0;0.0;0.0;0.0 her;0.0;0.0;
8;15;1D10R3V8T15W.txt;10;3;3169.087;0.10398992938134338;141523.4569812;
12;10;1D10R3V12T10W.txt;10;3;3233.9629999999997;0.09813216786957674;140008.1056132;
12;15;1D10R3V12T15W.txt;10;3;3233.963;0.12767930039191336;143204.5635556;
12;20;1D10R3V12T20W.txt;10;3;3554.411;0.22776466574443227;147532.46854759997;
16;15;1D10R3V16T15W.txt;10;3;4460.837;0.18859752852061917;161145.6902972;
12;15;1D13R3V12T15W.txt;13;3;5589.995;0.12811560654347634;214061.32712039998;
12;15;1D16R3V12T15W.txt;16;3;5847.080999999999;0.14129205096810987;219501.72116919997;
8;15;1D19R3V8T15W.txt;19;3;4757.854;0.13592516009668787;189052.13373520004;
12;10;1D19R3V12T10W.txt;19;3;0.0;0.0;0.0;0.0;0.0;0.0;
12;15;1D19R3V12T15W.txt;19;3;6759.127999999999;0.13411004595070056;260576.98803839996;
12;20;1D19R3V12T20W.txt;19;3;6038.249;0.15165272802319568;243760.3779116;
16;15;1D19R3V16T15W.txt;19;3;0.0;0.0;0.0;0.0;0.0;0.0;
12;15;1D22R3V12T15W.txt;22;3;0.0;0.0;0.0;0.0;0.0;0.0;
12;15;1D25R3V12T15W.txt;25;3;0.0;0.0;0.0;0.0;0.0;0.0;
