3D19R3V8T15W.txt;0;0;0.0;0.0;0.0;
3D19R3V12T10W.txt;0;0;0.0;0.0;0.0;
12;15;3D19R3V12T15W.txt;19;3;6446.429999999999;0.16486618174710654;234295.5085192;
3D19R3V12T20W.txt;0;0;0.0;0.0;0.0;
3D19R3V16T15W.txt;0;0;0.0;0.0;0.0;
3D19R3V8T15W.txt;0;0;0.0;0.0;0.0;
3D19R3V12T10W.txt;0;0;0.0;0.0;0.0;
12;15;3D19R3V12T15W.txt;19;3;6446.429999999999;0.16486618174710654;234295.5085192;
3D19R3V12T20W.txt;0;0;0.0;0.0;0.0;
3D19R3V16T15W.txt;0;0;0.0;0.0;0.0;
3D19R3V8T15W.txt;0;0;0.0;0.0;0.0;
3D19R3V12T10W.txt;0;0;0.0;0.0;0.0;
12;15;3D19R3V12T15W.txt;19;3;6446.429999999999;0.16486618174710654;234295.5085192;
3D19R3V12T20W.txt;0;0;0.0;0.0;0.0;
3D19R3V16T15W.txt;0;0;0.0;0.0;0.0;
3D19R3V8T15W.txt;0;0;0.0;0.0;0.0;
3D19R3V12T10W.txt;0;0;0.0;0.0;0.0;
12;15;3D19R3V12T15W.txt;19;3;5721.248;0.0;0.0;
3D19R3V12T20W.txt;0;0;0.0;0.0;0.0;
3D19R3V16T15W.txt;0;0;0.0;0.0;0.0;
3D19R3V8T15W.txt;0;0;0.0;0.0;0.0;
3D19R3V12T10W.txt;0;0;0.0;0.0;0.0;
12;15;3D19R3V12T15W.txt;19;3;6446.429999999999;0.16486618174710654;234295.5085192;
3D19R3V12T20W.txt;0;0;0.0;0.0;0.0;
3D19R3V16T15W.txt;0;0;0.0;0.0;0.0;
3D19R3V8T15W.txt;0;0;0.0;0.0;0.0;
3D19R3V12T10W.txt;0;0;0.0;0.0;0.0;
12;15;3D19R3V12T15W.txt;19;3;6446.429999999999;0.0;234295.5085192;
3D19R3V12T20W.txt;0;0;0.0;0.0;0.0;
3D19R3V16T15W.txt;0;0;0.0;0.0;0.0;
3D19R3V8T15W.txt;0;0;0.0;0.0;0.0;
3D19R3V12T10W.txt;0;0;0.0;0.0;0.0;
12;15;3D19R3V12T15W.txt;19;3;5721.248;0.12071171651126934;217349.36448;
3D19R3V12T20W.txt;0;0;0.0;0.0;0.0;
3D19R3V16T15W.txt;0;0;0.0;0.0;0.0;
3D19R3V8T15W.txt;0;0;0.0;0.0;0.0;
3D19R3V12T10W.txt;0;0;0.0;0.0;0.0;
12;15;3D19R3V12T15W.txt;19;3;6446.429999999999;0.16486618174710654;234295.5085192;
3D19R3V12T20W.txt;0;0;0.0;0.0;0.0;
3D19R3V16T15W.txt;0;0;0.0;0.0;0.0;
