3D19R3V8T15W.txt;0;0;-0.0;-0.0;0.0;0.0;1;0;0;0;0;0.0;0.0;0;0;0;61 
3D19R3V12T10W.txt;0;0;-0.0;-0.0;0.0;0.0;1;0;0;0;0;0.0;0.0;0;0;0;5 
12;15;3D19R3V12T15W.txt;19;3;3713715.5914807995;3713715.5914807995;0.0;0.0;1;1402;30;335334;132292;13.0;0.0;1;4046;4166;4259 
3D19R3V12T20W.txt;0;0;-0.0;-0.0;0.0;0.0;1;0;0;0;0;0.0;0.0;0;0;0;10 
3D19R3V16T15W.txt;0;0;-0.0;-0.0;0.0;0.0;1;0;0;0;0;0.0;0.0;0;0;0;7 
3D19R3V8T15W.txt;0;0;-0.0;-0.0;0.0;0.0;1;0;0;0;0;0.0;0.0;0;0;0;40 
3D19R3V12T10W.txt;0;0;-0.0;-0.0;0.0;0.0;1;0;0;0;0;0.0;0.0;0;0;0;4 
12;15;3D19R3V12T15W.txt;19;3;3713715.5914807995;3713715.5914807995;0.0;0.0;1;1402;30;335334;132292;13.0;0.0;7;4075;4268;4378 
3D19R3V12T20W.txt;0;0;-0.0;-0.0;0.0;0.0;1;0;0;0;0;0.0;0.0;0;0;0;15 
3D19R3V16T15W.txt;0;0;-0.0;-0.0;0.0;0.0;1;0;0;0;0;0.0;0.0;0;0;0;7 
3D19R3V8T15W.txt;0;0;-0.0;-0.0;0.0;0.0;1;0;0;0;0;0.0;0.0;0;0;0;39 
3D19R3V12T10W.txt;0;0;-0.0;-0.0;0.0;0.0;1;0;0;0;0;0.0;0.0;0;0;1;15 
12;15;3D19R3V12T15W.txt;19;3;3713715.5914807995;3713715.5914807995;0.0;0.0;1;1402;30;335334;132292;13.0;0.0;6;3860;4124;4233 
3D19R3V12T20W.txt;0;0;-0.0;-0.0;0.0;0.0;1;0;0;0;0;0.0;0.0;0;0;0;15 
3D19R3V16T15W.txt;0;0;-0.0;-0.0;0.0;0.0;1;0;0;0;0;0.0;0.0;0;0;0;6 
3D19R3V8T15W.txt;0;0;-0.0;-0.0;0.0;0.0;1;0;0;0;0;0.0;0.0;0;0;1;31 
3D19R3V12T10W.txt;0;0;-0.0;-0.0;0.0;0.0;1;0;0;0;0;0.0;0.0;0;0;1;13 
12;15;3D19R3V12T15W.txt;19;3;3620928.83552;3620928.83552;0.0;0.0;1;1103;15;164842;56227;12.0;0.0;3;2062;2190;2296 
3D19R3V12T20W.txt;0;0;-0.0;-0.0;0.0;0.0;1;0;0;0;0;0.0;0.0;0;0;0;14 
3D19R3V16T15W.txt;0;0;-0.0;-0.0;0.0;0.0;1;0;0;0;0;0.0;0.0;0;0;0;5 
3D19R3V8T15W.txt;0;0;-0.0;-0.0;0.0;0.0;1;0;0;0;0;0.0;0.0;0;0;0;42 
3D19R3V12T10W.txt;0;0;-0.0;-0.0;0.0;0.0;1;0;0;0;0;0.0;0.0;0;0;1;14 
12;15;3D19R3V12T15W.txt;19;3;3713715.5914807995;3713715.5914807995;0.0;0.0;1;1402;30;335334;132292;13.0;0.0;8;3963;4233;4346 
3D19R3V12T20W.txt;0;0;-0.0;-0.0;0.0;0.0;1;0;0;0;0;0.0;0.0;0;0;0;14 
3D19R3V16T15W.txt;0;0;-0.0;-0.0;0.0;0.0;1;0;0;0;0;0.0;0.0;0;0;1;5 
3D19R3V8T15W.txt;0;0;-0.0;-0.0;0.0;0.0;1;0;0;0;0;0.0;0.0;0;0;1;31 
3D19R3V12T10W.txt;0;0;-0.0;-0.0;0.0;0.0;1;0;0;0;0;0.0;0.0;0;0;0;14 
12;15;3D19R3V12T15W.txt;19;3;3713715.5914807995;3713715.5914807995;0.0;0.0;1;1402;30;335334;132292;13.0;0.0;7;3730;3859;3970 
3D19R3V12T20W.txt;0;0;-0.0;-0.0;0.0;0.0;1;0;0;0;0;0.0;0.0;0;0;0;7 
3D19R3V16T15W.txt;0;0;-0.0;-0.0;0.0;0.0;1;0;0;0;0;0.0;0.0;0;0;0;5 
3D19R3V8T15W.txt;0;0;-0.0;-0.0;0.0;0.0;1;0;0;0;0;0.0;0.0;0;0;0;30 
3D19R3V12T10W.txt;0;0;-0.0;-0.0;0.0;0.0;1;0;0;0;0;0.0;0.0;0;0;1;5 
12;15;3D19R3V12T15W.txt;19;3;3620928.83552;3620928.83552;0.0;0.0;1;1103;15;164842;56227;12.0;0.0;4;2337;2464;2574 
3D19R3V12T20W.txt;0;0;-0.0;-0.0;0.0;0.0;1;0;0;0;0;0.0;0.0;0;0;0;4 
3D19R3V16T15W.txt;0;0;-0.0;-0.0;0.0;0.0;1;0;0;0;0;0.0;0.0;0;0;0;4 
3D19R3V8T15W.txt;0;0;-0.0;-0.0;0.0;0.0;1;0;0;0;0;0.0;0.0;0;0;1;28 
3D19R3V12T10W.txt;0;0;-0.0;-0.0;0.0;0.0;1;0;0;0;0;0.0;0.0;0;0;0;14 
12;15;3D19R3V12T15W.txt;19;3;3713715.5914807995;3713715.5914807995;0.0;0.0;1;1402;30;335334;132292;13.0;0.0;7;4125;4312;4416 
3D19R3V12T20W.txt;0;0;-0.0;-0.0;0.0;0.0;1;0;0;0;0;0.0;0.0;0;0;0;4 
3D19R3V16T15W.txt;0;0;-0.0;-0.0;0.0;0.0;1;0;0;0;0;0.0;0.0;0;0;0;4 
