11D10R4V8T20W.txt;0;0;8;20;1152731.807726;1152731.807726;0.0;0.0;1;142;12;1944;2069;7.0;0.0;0;234;257; 
11D12R4V8T20W.txt;0;0;8;20;1348198.5095560001;1348198.5095560001;0.0;0.0;1;168;16;5010;3401;8.0;0.0;0;159;184; 
11D14R4V8T20W.txt;0;0;8;20;2546462.492681199;2546462.492681199;0.0;0.0;1;291;24;12959;7632;13.0;0.0;0;184;217; 
11D26R5V8T20W.txt;0;0;8;20;5751655.6698156;5774275.1866109995;5603988.486340799;5751655.6698156;5;2754;105;455531;161442;20.5;20.0;19;9177;4256; 
11D28R5V8T20W.txt;0;0;8;20;5826301.051542799;5888127.102622399;5722109.3772562;5826301.051542799;5;3039;115;694262;250718;22.5;22.0;24;14087;6135; 
11D30R5V8T20W.txt;0;0;8;20;6590717.8465412;6590717.8465412;0.0;0.0;1;1282;35;248913;79967;26.0;0.0;4;4963;5063; 
11D32R5V8T20W.txt;0;0;8;20;6833051.371003999;6833051.371003999;0.0;0.0;1;2597;75;640799;204009;27.0;0.0;20;13840;14168; 
11D34R5V8T20W.txt;0;0;8;20;8004698.756161199;8004698.756161199;0.0;0.0;1;2451;70;638183;199779;28.0;0.0;14;14558;14840; 
11D36R5V8T20W.txt;0;0;8;20;0.0;8132384.465437399;8082141.738669001;7981136.41776;296;32211;3510;24656067;8593711;27.75;0.0;3244;1055743;19083;10800000 
11D22R5V8T20W.txt;0;0;8;20;4849196.727372799;5042289.8643368;4692183.6764213145;4849196.727372799;13;3195;205;403419;156240;19.0;19.0;27;6105;1584; 
11D22R4V8T20W.txt;0;0;8;20;5041321.8325888;5041321.8325888;0.0;0.0;1;759;32;71106;25907;63.0;0.0;2;1297;1542; 
11D22R4V8T20W.txt;0;0;8;20;5041321.8325888;5041321.8325888;0.0;0.0;1;759;32;71106;25907;63.0;0.0;4;1380;1604; 
11D22R4V8T20W.txt;0;0;8;20;5041321.8325888;5041321.8325888;0.0;0.0;1;759;32;71106;25907;63.0;0.0;5;1336;1585; 
11D22R4V8T20W.txt;0;0;8;20;5041321.8325888;5041321.8325888;0.0;0.0;1;759;32;71106;25907;63.0;0.0;3;1368;1607; 
11D24R4V8T20W.txt;0;0;8;20;5529412.742282;5553249.792897066;5528126.989859199;5529412.742282;27;4585;296;778983;290868;72.15757575757577;19.0;50;14813;2423; 
11D26R4V8T20W.txt;0;0;8;20;5750687.6380676;5773307.154863;5547338.4884089995;5750687.6380676;5;2163;100;476990;165884;79.5;35.0;15;9088;2890; 
11D28R4V8T20W.txt;0;0;8;20;5825333.019794799;5887159.0708744;5659204.813029401;5825333.019794799;5;2455;88;602423;214663;62.99999999999999;33.0;12;12879;5285; 
11D22R4V8T20W.txt;0;0;8;20;4848228.6956247995;5041321.8325888;4691360.8668352;4848228.6956247995;11;2583;148;312085;120874;19.0;19.0;18;4868;1505; 
11D24R4V8T20W.txt;0;0;8;20;5529412.742282;5553249.792897066;5528126.9898592;5529412.742282;31;5754;348;949689;349417;19.666666666666668;19.0;70;18526;2498; 
11D26R4V8T20W.txt;0;0;8;20;5750687.6380676;5773307.154863;5547338.4884089995;5750687.6380676;5;2163;100;476990;165884;20.5;20.0;16;8328;2708; 
11D28R4V8T20W.txt;0;0;8;20;5825333.019794799;5887159.0708744;5659204.813029401;5825333.019794799;5;2455;88;602423;214663;22.5;22.0;13;11750;4772; 
11D22R4V8T20W.txt;0;0;8;20;4848228.6956247995;5041321.8325888;4691360.8668352;4848228.6956247995;11;2583;148;312085;120874;19.0;19.0;17;4806;1505; 
11D22R4V8T20W.txt;0;0;8;20;4848228.6956247995;5041321.8325888;4691360.8668352;4848228.6956247995;11;2583;148;312085;120874;19.0;19.0;17;4754;1469; 
11D22R4V8T20W.txt;0;0;8;20;4848228.6956247995;5041321.8325888;4691360.8668352;4848228.6956247995;9;2138;124;267325;103299;19.0;19.0;11;4241;1587; 
11D22R4V8T20W.txt;0;0;8;20;4848228.6956247995;5041321.8325888;4691360.8668352;4848228.6956247995;9;2138;124;267325;103299;19.0;19.0;10;4177;1545; 
11D24R4V8T20W.txt;0;0;8;20;0.0;5553249.792897066;5545711.944607866;5523486.2156524;12;3364;144;461564;163660;19.666666666666668;0.0;19;7874;2452;10800 
11D26R4V8T20W.txt;0;0;8;20;5750687.6380676;5773307.154863;5547338.4884089995;5750687.6380676;5;2163;100;476990;165884;20.5;20.0;14;8555;2656; 
11D28R4V8T20W.txt;0;0;8;20;0.0;5887159.0708744;0.0;5825333.019794799;4;2242;73;504852;179466;22.5;0.0;9;10560;5281;10800 
11D30R4V8T20W.txt;0;0;8;20;0.0;6283727.8237388;6281378.161983534;0.0;4;1451;61;478498;153186;23.125;0.0;4;10516;6473;10800 
11D32R4V8T20W.txt;0;0;8;20;0.0;6526061.3482016;0.0;0.0;2;1381;42;437569;142917;24.125;0.0;5;10885;10123;10800 
11D34R4V8T20W.txt;0;0;8;20;0.0;0.0;0.0;0.0;1;1621;35;414089;130804;0.0;0.0;2;11020;0;10800 
11D36R4V8T20W.txt;0;0;8;20;0.0;0.0;0.0;0.0;1;1244;30;385825;120630;0.0;0.0;5;11026;0;10800 
11D34R4V8T20W.txt;0;0;8;20;0.0;0.0;0.0;0.0;1;1665;42;484503;152468;0.0;0.0;9;10842;0;10800 
11D36R4V8T20W.txt;0;0;8;20;0.0;7884331.906413467;0.0;0.0;2;1450;41;523484;164992;24.0;0.0;11;10764;9324;10800 
11D34R4V8T20W.txt;0;0;8;20;0.0;0.0;0.0;0.0;1;1665;42;484503;152468;0.0;0.0;10;10794;0;10800 
11D36R4V8T20W.txt;0;0;8;20;0.0;7884331.906413467;0.0;0.0;2;1450;41;523484;164992;24.0;0.0;6;10778;9403;10800 
11D38R4V8T20W.txt;0;0;8;20;0.0;7923293.212680267;0.0;0.0;2;1316;41;561444;172296;25.000000000000004;0.0;5;10769;10418;10800 
11D34R4V12T20W.txt;0;0;12;20;0.0;0.0;0.0;0.0;1;104;2;235959;66061;0.0;0.0;0;19949;0;10800 
11D36R4V12T20W.txt;0;0;-0.0;-0.0;0.0;0.0;1;0;0;0;0;0.0;0.0;0;0;0; 
11D38R4V12T20W.txt;0;0;-0.0;-0.0;0.0;0.0;1;0;0;0;0;0.0;0.0;0;0;0; 
11D10R3V8T20W.txt;0;0;8;20;1152731.807726;1152731.807726;0.0;0.0;1;134;9;1826;1922;7.0;0.0;0;189;204; 
11D12R3V8T20W.txt;0;0;8;20;1348198.5095560001;1348198.5095560001;0.0;0.0;1;181;18;7072;4683;8.0;0.0;0;236;250; 
11D14R3V8T20W.txt;0;0;8;20;2546462.492681199;2546462.492681199;0.0;0.0;1;306;21;13471;7585;13.0;0.0;0;162;219; 
11D16R3V8T20W.txt;0;0;8;20;2939362.3307043994;3016947.349122499;0.0;2939362.3307043994;5;1164;51;53121;29130;13.25;12.0;1;534;203; 
11D18R3V8T20W.txt;0;0;8;20;3583224.717928;3611889.2529297993;0.0;3583224.717928;5;968;48;74047;35329;13.5;14.0;0;686;218; 
11D20R3V8T20W.txt;0;0;8;20;3630012.267832;3669214.6641494;3604136.8718946;3630012.267832;3;948;36;74477;27459;14.5;15.0;0;752;406; 
11D22R3V8T20W.txt;0;0;8;20;4561822.066574799;4561822.066574799;0.0;0.0;1;631;24;67754;23397;16.0;0.0;0;838;876; 
11D24R3V8T10W.txt;0;0;8;10;1465374.7083704001;1465985.477593467;1463982.5080292001;1465374.7083704001;5;1870;69;937099;223633;16.333333333333332;17.0;2;17318;8985; 
11D24R3V8T20W.txt;0;0;8;20;4877075.621319199;4880931.812451599;4796146.584718199;4877075.621319199;3;1038;39;192654;64218;16.5;16.0;1;2876;2037; 
11D24R3V8T30W.txt;0;0;8;30;3669722.2790971994;3669722.2790971994;0.0;0.0;1;509;18;70367;18206;13.0;0.0;0;915;938; 
11D24R3V12T10W.txt;0;0;-0.0;-0.0;0.0;0.0;1;0;0;0;0;0.0;0.0;0;0;0; 
11D24R3V12T20W.txt;0;0;12;20;5734921.190878401;5744397.3267778;5708240.4452468;5734921.190878401;7;2190;90;2236689;754549;19.0;18.0;9;87483;30778; 
11D24R3V12T30W.txt;0;0;-0.0;-0.0;0.0;0.0;1;0;0;0;0;0.0;0.0;0;0;0; 
11D26R3V8T10W.txt;0;0;8;10;1497784.8505124005;1498794.2147560003;1496012.2649649603;1497784.8505124005;7;2818;117;1893953;533855;17.333333333333336;18.0;18;38600;17206; 
11D26R3V8T20W.txt;0;0;8;20;5043015.7015936;5043015.7015936;0.0;0.0;1;453;12;78155;27393;17.0;0.0;0;1337;1359; 
11D26R3V8T30W.txt;0;0;8;30;3753083.7164696;3753083.7164696;0.0;0.0;1;933;27;120773;38396;13.0;0.0;0;1788;1844; 
11D26R3V12T10W.txt;0;0;-0.0;-0.0;0.0;0.0;1;0;0;0;0;0.0;0.0;0;0;0; 
11D10R3V8T20W.txt;0;0;8;20;1152731.807726;1152731.807726;0.0;0.0;1;134;9;1826;1922;7.0;0.0;0;222;250; 
11D12R3V8T20W.txt;0;0;8;20;1348198.5095560001;1348198.5095560001;0.0;0.0;1;181;18;7072;4683;8.0;0.0;0;270;299; 
11D14R3V8T20W.txt;0;0;8;20;2546462.492681199;2546462.492681199;0.0;0.0;1;306;21;13471;7585;13.0;0.0;0;176;219; 
11D16R3V8T20W.txt;0;0;8;20;2939362.3307043994;3016947.349122499;0.0;2939362.3307043994;5;1164;51;53121;29130;13.25;12.0;1;577;234; 
11D18R3V8T20W.txt;0;0;8;20;3583224.717928;3611889.2529297993;0.0;3583224.717928;5;968;48;74047;35329;13.5;14.0;0;693;219; 
11D20R3V8T20W.txt;0;0;8;20;3630012.267832;3669214.6641494;3604136.8718946;3630012.267832;3;948;36;74477;27459;14.5;15.0;0;795;425; 
11D22R3V8T20W.txt;0;0;8;20;4561822.066574799;4561822.066574799;0.0;0.0;1;631;24;67754;23397;16.0;0.0;0;829;872; 
11D24R3V8T10W.txt;0;0;8;10;1465374.7083704001;1465985.477593467;1463982.5080292001;1465374.7083704001;5;1870;69;937099;223633;16.333333333333332;17.0;1;16767;8504; 
11D24R3V8T20W.txt;0;0;8;20;4877075.621319199;4880931.812451599;4796146.584718199;4877075.621319199;3;1038;39;192654;64218;16.5;16.0;0;2843;2018; 
11D24R3V8T30W.txt;0;0;8;30;3669722.2790971994;3669722.2790971994;0.0;0.0;1;509;18;70367;18206;13.0;0.0;0;947;969; 
11D24R3V12T10W.txt;0;0;-0.0;-0.0;0.0;0.0;1;0;0;0;0;0.0;0.0;0;0;0; 
11D24R3V12T20W.txt;0;0;12;20;5734921.190878401;5744397.3267778;5708240.4452468;5734921.190878401;7;2190;90;2236689;754549;19.0;18.0;8;88513;31036; 
11D24R3V12T30W.txt;0;0;-0.0;-0.0;0.0;0.0;1;0;0;0;0;0.0;0.0;0;0;0; 
11D10R3V8T20W.txt;0;0;8;20;1152731.807726;1152731.807726;0.0;0.0;1;134;9;1826;1922;7.0;0.0;0;193;219; 
11D12R3V8T20W.txt;0;0;8;20;1348198.5095560001;1348198.5095560001;0.0;0.0;1;181;18;7072;4683;8.0;0.0;0;220;250; 
11D14R3V8T20W.txt;0;0;8;20;2546462.492681199;2546462.492681199;0.0;0.0;1;306;21;13471;7585;13.0;0.0;0;150;203; 
11D16R3V8T20W.txt;0;0;8;20;2939362.3307043994;3016947.349122499;0.0;2939362.3307043994;5;1164;51;53121;29130;13.25;12.0;3;528;218; 
11D18R3V8T20W.txt;0;0;8;20;3583224.717928;3611889.2529297993;0.0;3583224.717928;5;968;48;74047;35329;13.5;14.0;0;693;234; 
11D20R3V8T20W.txt;0;0;8;20;3630012.267832;3669214.6641494;3604136.8718946;3630012.267832;3;948;36;74477;27459;14.5;15.0;0;797;438; 
11D22R3V8T20W.txt;0;0;8;20;4561822.066574799;4561822.066574799;0.0;0.0;1;631;24;67754;23397;16.0;0.0;0;834;875; 
11D24R3V4T10W.txt;0;0;-0.0;-0.0;0.0;0.0;1;0;0;0;0;0.0;0.0;0;0;0; 
11D24R3V4T20W.txt;0;0;4;20;2168305.714504;2168305.714504;0.0;0.0;1;576;24;22486;5634;12.0;0.0;0;292;328; 
11D24R3V4T30W.txt;0;0;-0.0;-0.0;0.0;0.0;1;0;0;0;0;0.0;0.0;0;0;0; 
11D24R3V8T10W.txt;0;0;8;10;1465374.7083704001;1465985.477593467;1463982.5080292001;1465374.7083704001;5;1870;69;937099;223633;16.333333333333332;17.0;1;16510;8270; 
11D24R3V8T20W.txt;0;0;8;20;4877075.621319199;4880931.812451599;4796146.584718199;4877075.621319199;3;1038;39;192654;64218;16.5;16.0;1;2937;2141; 
11D24R3V8T30W.txt;0;0;8;30;3669722.2790971994;3669722.2790971994;0.0;0.0;1;509;18;70367;18206;13.0;0.0;0;864;890; 
11D24R3V12T10W.txt;0;0;-0.0;-0.0;0.0;0.0;1;0;0;0;0;0.0;0.0;0;0;0; 
11D24R3V12T20W.txt;0;0;12;20;5734921.190878401;5744397.3267778;5708240.4452468;5734921.190878401;7;2190;90;2236689;754549;19.0;18.0;7;86988;30530; 
11D24R3V12T30W.txt;0;0;-0.0;-0.0;0.0;0.0;1;0;0;0;0;0.0;0.0;0;0;0; 
11D26R3V4T10W.txt;0;0;-0.0;-0.0;0.0;0.0;1;0;0;0;0;0.0;0.0;0;0;0; 
11D26R3V4T20W.txt;0;0;4;20;2381695.6047604;2381695.6047604;0.0;0.0;1;722;24;23856;6175;13.0;0.0;0;307;343; 
11D26R3V4T30W.txt;0;0;-0.0;-0.0;0.0;0.0;1;0;0;0;0;0.0;0.0;0;0;0; 
11D26R3V8T10W.txt;0;0;8;10;1497784.8505124005;1498794.2147560003;1496012.2649649603;1497784.8505124005;7;2818;117;1893953;533855;17.333333333333336;18.0;22;38769;17125; 
11D26R3V8T20W.txt;0;0;8;20;5043015.7015936;5043015.7015936;0.0;0.0;1;453;12;78155;27393;17.0;0.0;0;1301;1318; 
11D26R3V8T30W.txt;0;0;8;30;3753083.7164696;3753083.7164696;0.0;0.0;1;933;27;120773;38396;13.0;0.0;1;1781;1826; 
11D26R3V12T10W.txt;0;0;-0.0;-0.0;0.0;0.0;1;0;0;0;0;0.0;0.0;0;0;0; 
11D26R3V12T20W.txt;0;0;12;20;5797055.186394;5886667.2986797495;5796181.076263266;5797055.186394;51;8878;465;14340123;5004616;19.75;19.0;163;731277;47392; 
11D26R3V12T30W.txt;0;0;-0.0;-0.0;0.0;0.0;1;0;0;0;0;0.0;0.0;0;0;0; 
11D28R3V4T10W.txt;0;0;-0.0;-0.0;0.0;0.0;1;0;0;0;0;0.0;0.0;0;0;0; 
11D28R3V4T20W.txt;0;0;4;20;2488891.144114;2488891.144114;0.0;0.0;1;759;27;29984;7744;15.0;0.0;1;432;469; 
11D28R3V4T30W.txt;0;0;-0.0;-0.0;0.0;0.0;1;0;0;0;0;0.0;0.0;0;0;0; 
11D28R3V8T10W.txt;0;0;8;10;1497784.8505124003;1498794.2147560003;1496791.2451917334;1497784.8505124003;5;2386;87;2022123;544921;17.333333333333336;18.0;9;44331;21699; 
11D28R3V8T20W.txt;0;0;8;20;5111467.528174;5112386.576451599;0.0;5111467.528174;5;1296;45;368099;131517;17.5;18.0;0;6773;3328; 
11D28R3V8T30W.txt;0;0;8;30;3753083.7164696;3753083.7164696;0.0;0.0;1;801;21;132590;40315;13.0;0.0;0;1981;2011; 
11D28R3V12T10W.txt;0;0;-0.0;-0.0;0.0;0.0;1;0;0;0;0;0.0;0.0;0;0;0; 
11D28R3V12T20W.txt;0;0;12;20;5863837.012974401;5906511.519953948;5848551.255917701;5863837.012974401;13;2926;138;7601846;2556733;19.75;20.0;14;501980;101419; 
11D28R3V12T30W.txt;0;0;-0.0;-0.0;0.0;0.0;1;0;0;0;0;0.0;0.0;0;0;0; 
11D30R3V4T10W.txt;0;0;-0.0;-0.0;0.0;0.0;1;0;0;0;0;0.0;0.0;0;0;0; 
11D30R3V4T20W.txt;0;0;4;20;2488891.144114;2488891.144114;0.0;0.0;1;925;30;36202;8431;15.0;0.0;1;529;578; 
11D30R3V4T30W.txt;0;0;-0.0;-0.0;0.0;0.0;1;0;0;0;0;0.0;0.0;0;0;0; 
11D30R3V8T10W.txt;0;0;8;10;1572693.5778340003;1574733.5263046003;1572455.8192357337;1572693.5778340003;5;2013;78;2108623;506528;18.0;19.0;6;48175;23879; 
11D30R3V8T20W.txt;0;0;8;20;5421141.2872848;5421141.2872848;0.0;0.0;1;629;24;250463;81283;17.0;0.0;0;5151;5178; 
11D30R3V8T30W.txt;0;0;8;30;4091366.2209903994;4091366.2209903994;0.0;0.0;1;1065;27;221545;56704;16.0;0.0;0;3411;3471; 
11D30R3V12T10W.txt;0;0;-0.0;-0.0;0.0;0.0;1;0;0;0;0;0.0;0.0;0;0;0; 
11D30R3V12T20W.txt;0;0;12;20;6376652.361646801;6401536.7205626;6374928.8995834;6376652.361646801;11;2869;114;7943516;2323628;20.5;21.0;13;555331;125542; 
11D30R3V12T30W.txt;0;0;-0.0;-0.0;0.0;0.0;1;0;0;0;0;0.0;0.0;0;0;0; 
11D32R3V4T10W.txt;0;0;-0.0;-0.0;0.0;0.0;1;0;0;0;0;0.0;0.0;0;0;0; 
11D32R3V4T20W.txt;0;0;4;20;2731751.7951895995;2731751.7951895995;0.0;0.0;1;1223;33;44110;11048;16.0;0.0;0;724;797; 
11D32R3V4T30W.txt;0;0;-0.0;-0.0;0.0;0.0;1;0;0;0;0;0.0;0.0;0;0;0; 
11D32R3V8T10W.txt;0;0;8;10;1615632.9157416;1615632.9157416;0.0;0.0;1;1438;42;1379801;321617;20.0;0.0;4;32108;32231; 
11D32R3V8T20W.txt;0;0;8;20;5663474.811747599;5663474.811747599;0.0;0.0;1;684;21;298714;97827;18.0;0.0;0;7342;7372; 
11D32R3V8T30W.txt;0;0;8;30;4719301.203046;4719301.203046;0.0;0.0;1;904;24;236887;56275;17.0;0.0;0;3809;3858; 
11D32R3V12T10W.txt;0;0;-0.0;-0.0;0.0;0.0;1;0;0;0;0;0.0;0.0;0;0;0; 
11D32R3V12T20W.txt;0;0;12;20;6619513.012722401;6635172.344558668;6583384.896041;6619513.012722401;11;2640;111;9753290;2763617;21.666666666666668;22.0;16;779111;179947; 
11D32R3V12T30W.txt;0;0;-0.0;-0.0;0.0;0.0;1;0;0;0;0;0.0;0.0;0;0;0; 
11D34R3V4T10W.txt;0;0;-0.0;-0.0;0.0;0.0;1;0;0;0;0;0.0;0.0;0;0;0; 
11D34R3V4T20W.txt;0;0;4;20;3482068.743469599;3482068.743469599;0.0;0.0;1;981;36;54338;13099;15.0;0.0;0;956;1015; 
11D34R3V4T30W.txt;0;0;-0.0;-0.0;0.0;0.0;1;0;0;0;0;0.0;0.0;0;0;0; 
11D34R3V8T10W.txt;0;0;8;10;1728297.6751624001;1728297.6751624001;0.0;0.0;1;1656;45;1692059;365513;21.0;0.0;1;40133;40261; 
11D34R3V8T20W.txt;0;0;8;20;6684732.3023024015;6690591.0898749335;6673315.90893056;6684732.3023024015;7;1386;60;820254;269086;19.166666666666668;19.0;0;20453;5738; 
11D34R3V8T30W.txt;0;0;8;30;5271934.19287;5315770.317771068;5271819.990026201;5271934.19287;35;6126;273;3420524;834441;15.333333333333334;17.0;34;68644;5443; 
11D34R3V12T10W.txt;0;0;-0.0;-0.0;0.0;0.0;1;0;0;0;0;0.0;0.0;0;0;0; 
11D34R3V12T20W.txt;0;0;12;20;7497433.909598801;7497433.909598801;0.0;0.0;1;1407;39;4709036;1312543;22.0;0.0;0;386977;387093; 
11D34R3V12T30W.txt;0;0;-0.0;-0.0;0.0;0.0;1;0;0;0;0;0.0;0.0;0;0;0; 
11D36R3V8T20W.txt;0;0;8;20;6783559.898432401;6860208.882285201;0.0;6783559.898432401;7;1731;81;1300600;413926;19.5;19.0;1;34593;11620; 
11D38R3V8T20W.txt;0;0;8;20;6822521.954576001;6899186.394771001;0.0;6822521.954576001;7;1508;75;1253313;400523;20.5;20.0;0;36341;8486; 
11D40R3V8T20W.txt;0;0;8;20;6822521.954576001;6899186.394771001;0.0;6822521.954576001;7;1548;69;1614174;483154;20.5;20.0;0;49638;10241; 
11D42R3V8T20W.txt;0;0;8;20;7237844.1395507995;7262834.920561;7201484.9391535;7237844.1395507995;3;769;39;1575342;389783;20.5;21.0;0;54262;20571; 
11D44R3V8T20W.txt;0;0;8;20;7683298.850846;7683298.850846;0.0;0.0;1;509;15;763436;169875;21.0;0.0;0;30911;30930; 
11D46R3V8T20W.txt;0;0;8;20;8251376.038558001;8251376.038558001;0.0;0.0;1;575;21;1349773;282674;21.0;0.0;0;57942;57974; 
11D48R3V8T20W.txt;0;0;8;20;8334432.016926399;8334432.016926399;0.0;0.0;1;628;21;1640980;347909;21.0;0.0;0;83060;83094; 
11D10R3V8T20W.txt;0;0;8;20;1152731.807726;1152731.807726;0.0;0.0;1;134;9;1826;1922;7.0;0.0;0;220;251; 
11D12R3V8T20W.txt;0;0;8;20;1348198.5095560001;1348198.5095560001;0.0;0.0;1;181;18;7072;4683;8.0;0.0;0;206;219; 
11D14R3V8T20W.txt;0;0;8;20;2546462.492681199;2546462.492681199;0.0;0.0;1;306;21;13471;7585;13.0;0.0;0;161;189; 
11D16R3V8T20W.txt;0;0;8;20;2939362.3307043994;3016947.349122499;0.0;2939362.3307043994;5;1164;51;53121;29130;13.25;12.0;1;529;197; 
11D18R3V8T20W.txt;0;0;8;20;3583224.717928;3611889.2529297993;0.0;3583224.717928;5;968;48;74047;35329;13.5;14.0;0;709;234; 
11D20R3V8T20W.txt;0;0;8;20;3630012.267832;3669214.6641494;3604136.8718946;3630012.267832;3;948;36;74477;27459;14.5;15.0;0;789;429; 
11D22R3V8T20W.txt;0;0;8;20;4561822.066574799;4561822.066574799;0.0;0.0;1;631;24;67754;23397;16.0;0.0;0;824;861; 
11D24R3V8T10W.txt;0;0;8;10;1465374.7083704001;1465985.477593467;1463982.5080292001;1465374.7083704001;5;1870;69;937099;223633;16.333333333333332;17.0;3;17329;9044; 
11D24R3V8T20W.txt;0;0;8;20;4877075.621319199;4880931.812451599;4796146.584718199;4877075.621319199;3;1038;39;192654;64218;16.5;16.0;0;2856;2052; 
11D24R3V12T20W.txt;0;0;12;20;5734921.190878401;5744397.3267778;5708240.4452468;5734921.190878401;7;2190;90;2236689;754549;19.0;18.0;10;89025;31331; 
11D26R3V8T10W.txt;0;0;8;10;1497784.8505124005;1498794.2147560003;1496012.2649649603;1497784.8505124005;7;2818;117;1893953;533855;17.333333333333336;18.0;23;39632;17781; 
11D26R3V8T20W.txt;0;0;8;20;5043015.7015936;5043015.7015936;0.0;0.0;1;453;12;78155;27393;17.0;0.0;0;1321;1340; 
11D24R3V4T20W.txt;0;0;4;20;2168305.714504;2168305.714504;0.0;0.0;1;576;24;22486;5634;12.0;0.0;0;788;891; 
11D24R3V8T10W.txt;0;0;8;10;1465374.7083704001;1465985.477593467;1463982.5080292001;1465374.7083704001;5;1870;69;937099;223633;16.333333333333332;17.0;3;17567;8871; 
11D24R3V8T20W.txt;0;0;8;20;4877075.621319199;4880931.812451599;4796146.584718199;4877075.621319199;3;1038;39;192654;64218;16.5;16.0;0;2789;2018; 
11D24R3V8T30W.txt;0;0;8;30;3669722.2790971994;3669722.2790971994;0.0;0.0;1;509;18;70367;18206;13.0;0.0;0;898;922; 
11D24R3V12T20W.txt;0;0;12;20;5734921.190878401;5744397.3267778;5708240.4452468;5734921.190878401;7;2190;90;2236689;754549;19.0;18.0;10;89235;31512; 
11D26R3V4T20W.txt;0;0;4;20;2381695.6047604;2381695.6047604;0.0;0.0;1;722;24;23856;6175;13.0;0.0;0;306;343; 
11D26R3V8T10W.txt;0;0;8;10;1497784.8505124005;1498794.2147560003;1496012.2649649603;1497784.8505124005;7;2818;117;1893953;533855;17.333333333333336;18.0;20;39030;17358; 
11D26R3V8T20W.txt;0;0;8;20;5043015.7015936;5043015.7015936;0.0;0.0;1;453;12;78155;27393;17.0;0.0;0;1309;1334; 
11D26R3V8T30W.txt;0;0;8;30;3753083.7164696;3753083.7164696;0.0;0.0;1;933;27;120773;38396;13.0;0.0;0;1740;1792; 
